{"cells":[{"metadata":{"trusted":true},"cell_type":"code","source":"import numpy as np","execution_count":null,"outputs":[]},{"metadata":{"trusted":true},"cell_type":"code","source":"# The following parameters are from https://journals.aps.org/prd/abstract/10.1103/PhysRevD.100.094503\n# But excluding c0 component as the Hammer does not have c0.","execution_count":2,"outputs":[]},{"metadata":{"trusted":true},"cell_type":"code","source":"parVal = np.array([0.00469806, -0.0221835, 0.150256, 0.00342384, -0.0259537, 0.389673, -0.00316394, 0.0873142, 0.0401123, -0.213209, 0.00815738])","execution_count":3,"outputs":[]},{"metadata":{"trusted":true},"cell_type":"code","source":"parSig = np.array([0.000826572, 0.0219649, 0.545977, 0.000486094, 0.0199175, 0.535867, 0.0028039, 0.0717923, 0.00925941, 0.15392, 0.00800515])\n","execution_count":4,"outputs":[]},{"metadata":{"trusted":true},"cell_type":"code","source":"corrM = np.array([\n    [1, -0.57184, -0.59452, 0.028632, 0.0168546, -0.0528669, -0.0538742, -0.17094, -0.107501, -0.0186144, 0.173412],\n    [-0.57184, 1, 0.0537188, 0.108231, 0.472566, -0.516421, 0.541321, -0.263223, -0.167748, 0.585252, -0.42259],\n    [-0.59452, 0.0537188, 1, -0.123521, -0.648032, 0.541387, -0.514889, 0.611739, 0.422989, -0.641671, 0.235066],\n    [0.028632, 0.108231, -0.123521, 1, -0.134392, -0.585836, 0.345731, -0.0420984, 0.54837, 0.31989, -0.0785688],\n    [0.0168546, 0.472566, -0.648032, -0.134392, 1, -0.403181, 0.615405, -0.584828, -0.623904, 0.760601, -0.454025],\n    [-0.0528669, -0.516421, 0.541387, -0.585836, -0.403181, 1, -0.701146, 0.502016, 0.0602431, -0.785386, 0.349413],\n    [-0.0538742, 0.541321, -0.514889, 0.345731, 0.615405, -0.701146, 1, -0.17813, 0.107099, 0.947879, -0.524553],\n    [-0.17094, -0.263223, 0.611739, -0.0420984, -0.584828, 0.502016, -0.17813, 1., 0.762169, -0.417567, 0.177842],\n    [-0.107501, -0.167748, 0.422989, 0.54837, -0.623904, 0.0602431, 0.107099, 0.762169, 1, -0.148796, 0.0967233],\n    [-0.0186144, 0.585252, -0.641671, 0.31989, 0.760601, -0.785386, 0.947879, -0.417567, -0.148796, 1, -0.538033],\n    [0.173412, -0.42259, 0.235066, -0.0785688, -0.454025, 0.349413, -0.524553, 0.177842, 0.0967233, -0.538033, 1]\n])","execution_count":5,"outputs":[]},{"metadata":{"trusted":true},"cell_type":"code","source":"covM = np.atleast_2d(parSig).T * corrM * parSig     # turns into correlation matrix to covariance matrix","execution_count":6,"outputs":[]},{"metadata":{"trusted":true},"cell_type":"code","source":"# Get Eigenvectors and eigenvalues of the covariance matrix","execution_count":7,"outputs":[]},{"metadata":{"trusted":true},"cell_type":"code","source":"eigVal, eigVec = np.linalg.eig(covM)","execution_count":8,"outputs":[]},{"metadata":{"trusted":true},"cell_type":"code","source":"# sigmas should be squared root of the eigenvalues","execution_count":9,"outputs":[]},{"metadata":{"trusted":true},"cell_type":"code","source":"eigSig = np.sqrt(eigVal)","execution_count":10,"outputs":[]},{"metadata":{"trusted":true},"cell_type":"code","source":"matC = np.zeros((11,11))\n\nfor i in range(eigSig.shape[0]):\n    print('eigSigma: {:.10f}'.format(eigSig[i]))\n    print('mean = {:.10f}'.format(np.dot(parVal, eigVec[:,i])))\n    print('eigVect: {:.10f}, {:.10f}, {:.10f}, {:.10f}, {:.10f}, {:.10f}, {:.10f}, {:.10f}, {:.10f}, {:.10f}'.format(*eigVec[:, i]))\n    print('-'*50)\n    matC[i, i] = eigSig[i]*eigSig[i]","execution_count":11,"outputs":[{"output_type":"stream","text":"eigSigma: 0.6850042974\nmean = -0.4182681183\neigVect: 0.0004357607, 0.0087588494, -0.7018220233, 0.0002811859, 0.0178756853, -0.6842862572, 0.0028839166, -0.0666271010, -0.0037956985, 0.1852666076\n--------------------------------------------------\neigSigma: 0.3674780815\nmean = -0.1819441298\neigVect: -0.0012820735, 0.0361597837, 0.7039349298, 0.0006388640, -0.0131949122, -0.7054271145, 0.0016032816, 0.0226172245, 0.0095701785, 0.0689269388\n--------------------------------------------------\neigSigma: 0.0874061782\nmean = 0.1140362192\neigVect: 0.0036731026, -0.1153793565, -0.0695185879, 0.0007968872, -0.1175636279, -0.1722036920, -0.0201438109, -0.1878941944, -0.0101065324, -0.9492144602\n--------------------------------------------------\neigSigma: 0.0546894675\nmean = -0.0901217995\neigVect: -0.0044946651, 0.1528524413, 0.0742766306, -0.0024355818, 0.1467977234, 0.0603273549, -0.0073648685, -0.9548511807, -0.1232751085, 0.1366878431\n--------------------------------------------------\neigSigma: 0.0112887042\nmean = 0.0074593144\neigVect: -0.0063562904, 0.8176258852, -0.0323615314, -0.0146714600, 0.4365264891, -0.0136352214, -0.0154783464, 0.2007787727, -0.2483125057, -0.1873300405\n--------------------------------------------------\neigSigma: 0.0067225920\nmean = -0.0127818946\neigVect: -0.0021274161, -0.5302456051, 0.0215509479, -0.0071580220, 0.7452056309, -0.0249840794, -0.0332036908, 0.0664206049, -0.2998924511, -0.0447047285\n--------------------------------------------------\neigSigma: 0.0065379763\nmean = 0.0028349558\neigVect: -0.0027168745, 0.0934526790, -0.0072747792, 0.0012741000, -0.2251466999, 0.0041798899, 0.0122583039, -0.0196013960, 0.0916554601, -0.0210241638\n--------------------------------------------------\neigSigma: 0.0031567090\nmean = 0.0310274035\neigVect: 0.0021018869, 0.0580013879, -0.0020215001, 0.0820571187, 0.4087340732, -0.0015818702, 0.0665048271, -0.0534546212, 0.9012361335, -0.0576223886\n--------------------------------------------------\neigSigma: 0.0004988304\nmean = 0.0013219585\neigVect: -0.2998396243, 0.0097127815, -0.0009707638, 0.3025769606, -0.0127138465, 0.0009723425, -0.9032326516, 0.0037228134, 0.0462622205, 0.0172229290\n--------------------------------------------------\neigSigma: 0.0004454549\nmean = -0.0043841356\neigVect: -0.9539412690, -0.0086657763, -0.0013953476, -0.0947990085, -0.0001510315, -0.0004862514, 0.2841465837, 0.0009965991, -0.0099657268, -0.0084395686\n--------------------------------------------------\neigSigma: 0.0000006412\nmean = -0.0000000258\neigVect: -0.0000012710, -0.0000000581, -0.0000000009, -0.9446966675, 0.0182352460, -0.0003519978, -0.3115210617, -0.0048998806, 0.1006664131, 0.0035264344\n--------------------------------------------------\n","name":"stdout"}]},{"metadata":{"trusted":true},"cell_type":"code","source":"#inverse matrix of the diagonalized eigenvalue matrix\ninv = np.linalg.inv(matC)","execution_count":12,"outputs":[]},{"metadata":{"trusted":true},"cell_type":"code","source":"print(inv)","execution_count":13,"outputs":[{"output_type":"stream","text":"[[2.13114700e+00 0.00000000e+00 0.00000000e+00 0.00000000e+00\n  0.00000000e+00 0.00000000e+00 0.00000000e+00 0.00000000e+00\n  0.00000000e+00 0.00000000e+00 0.00000000e+00]\n [0.00000000e+00 7.40520557e+00 0.00000000e+00 0.00000000e+00\n  0.00000000e+00 0.00000000e+00 0.00000000e+00 0.00000000e+00\n  0.00000000e+00 0.00000000e+00 0.00000000e+00]\n [0.00000000e+00 0.00000000e+00 1.30892794e+02 0.00000000e+00\n  0.00000000e+00 0.00000000e+00 0.00000000e+00 0.00000000e+00\n  0.00000000e+00 0.00000000e+00 0.00000000e+00]\n [0.00000000e+00 0.00000000e+00 0.00000000e+00 3.34343289e+02\n  0.00000000e+00 0.00000000e+00 0.00000000e+00 0.00000000e+00\n  0.00000000e+00 0.00000000e+00 0.00000000e+00]\n [0.00000000e+00 0.00000000e+00 0.00000000e+00 0.00000000e+00\n  7.84714743e+03 0.00000000e+00 0.00000000e+00 0.00000000e+00\n  0.00000000e+00 0.00000000e+00 0.00000000e+00]\n [0.00000000e+00 0.00000000e+00 0.00000000e+00 0.00000000e+00\n  0.00000000e+00 2.21272016e+04 0.00000000e+00 0.00000000e+00\n  0.00000000e+00 0.00000000e+00 0.00000000e+00]\n [0.00000000e+00 0.00000000e+00 0.00000000e+00 0.00000000e+00\n  0.00000000e+00 0.00000000e+00 2.33944757e+04 0.00000000e+00\n  0.00000000e+00 0.00000000e+00 0.00000000e+00]\n [0.00000000e+00 0.00000000e+00 0.00000000e+00 0.00000000e+00\n  0.00000000e+00 0.00000000e+00 0.00000000e+00 1.00353127e+05\n  0.00000000e+00 0.00000000e+00 0.00000000e+00]\n [0.00000000e+00 0.00000000e+00 0.00000000e+00 0.00000000e+00\n  0.00000000e+00 0.00000000e+00 0.00000000e+00 0.00000000e+00\n  4.01877950e+06 0.00000000e+00 0.00000000e+00]\n [0.00000000e+00 0.00000000e+00 0.00000000e+00 0.00000000e+00\n  0.00000000e+00 0.00000000e+00 0.00000000e+00 0.00000000e+00\n  0.00000000e+00 5.03955932e+06 0.00000000e+00]\n [0.00000000e+00 0.00000000e+00 0.00000000e+00 0.00000000e+00\n  0.00000000e+00 0.00000000e+00 0.00000000e+00 0.00000000e+00\n  0.00000000e+00 0.00000000e+00 2.43194267e+12]]\n","name":"stdout"}]},{"metadata":{"trusted":true},"cell_type":"code","source":"","execution_count":null,"outputs":[]}],"metadata":{"kernelspec":{"name":"python3","display_name":"Python 3","language":"python"},"language_info":{"name":"python","version":"3.6.11","mimetype":"text/x-python","codemirror_mode":{"name":"ipython","version":3},"pygments_lexer":"ipython3","nbconvert_exporter":"python","file_extension":".py"}},"nbformat":4,"nbformat_minor":4}