{"cells":[{"metadata":{"trusted":true},"cell_type":"code","source":"import numpy as np","execution_count":1,"outputs":[]},{"metadata":{"trusted":true},"cell_type":"code","source":"# The following parameters are from https://journals.aps.org/prd/abstract/10.1103/PhysRevD.100.094503\n# But excluding c0 component as the Hammer does not have c0.","execution_count":2,"outputs":[]},{"metadata":{"trusted":true},"cell_type":"code","source":"parVal = np.array([0.00469806, -0.0221835, 0.150256, 0.00342384, -0.0259537, 0.389673, -0.00316394, 0.0873142, 0.0401123, -0.213209, 0.00815738])","execution_count":3,"outputs":[]},{"metadata":{"trusted":true},"cell_type":"code","source":"parSig = np.array([0.000826572, 0.0219649, 0.545977, 0.000486094, 0.0199175, 0.535867, 0.0028039, 0.0717923, 0.00925941, 0.15392, 0.00800515])\n","execution_count":4,"outputs":[]},{"metadata":{"trusted":true},"cell_type":"code","source":"corrM = np.array([\n    [1, -0.57184, -0.59452, 0.028632, 0.0168546, -0.0528669, -0.0538742, -0.17094, -0.107501, -0.0186144, 0.173412],\n    [-0.57184, 1, 0.0537188, 0.108231, 0.472566, -0.516421, 0.541321, -0.263223, -0.167748, 0.585252, -0.42259],\n    [-0.59452, 0.0537188, 1, -0.123521, -0.648032, 0.541387, -0.514889, 0.611739, 0.422989, -0.641671, 0.235066],\n    [0.028632, 0.108231, -0.123521, 1, -0.134392, -0.585836, 0.345731, -0.0420984, 0.54837, 0.31989, -0.0785688],\n    [0.0168546, 0.472566, -0.648032, -0.134392, 1, -0.403181, 0.615405, -0.584828, -0.623904, 0.760601, -0.454025],\n    [-0.0528669, -0.516421, 0.541387, -0.585836, -0.403181, 1, -0.701146, 0.502016, 0.0602431, -0.785386, 0.349413],\n    [-0.0538742, 0.541321, -0.514889, 0.345731, 0.615405, -0.701146, 1, -0.17813, 0.107099, 0.947879, -0.524553],\n    [-0.17094, -0.263223, 0.611739, -0.0420984, -0.584828, 0.502016, -0.17813, 1., 0.762169, -0.417567, 0.177842],\n    [-0.107501, -0.167748, 0.422989, 0.54837, -0.623904, 0.0602431, 0.107099, 0.762169, 1, -0.148796, 0.0967233],\n    [-0.0186144, 0.585252, -0.641671, 0.31989, 0.760601, -0.785386, 0.947879, -0.417567, -0.148796, 1, -0.538033],\n    [0.173412, -0.42259, 0.235066, -0.0785688, -0.454025, 0.349413, -0.524553, 0.177842, 0.0967233, -0.538033, 1]\n])","execution_count":5,"outputs":[]},{"metadata":{"trusted":true},"cell_type":"code","source":"covM = np.atleast_2d(parSig).T * corrM * parSig     # turns into correlation matrix to covariance matrix","execution_count":6,"outputs":[]},{"metadata":{"trusted":true},"cell_type":"code","source":"eigVal, eigVec = np.linalg.eig(covM)    # Get Eigenvectors and eigenvalues of the covariance matrix","execution_count":7,"outputs":[]},{"metadata":{"trusted":true},"cell_type":"code","source":"eigSig = np.sqrt(eigVal) # sigmas should be squared root of the eigenvalues","execution_count":8,"outputs":[]},{"metadata":{"trusted":true},"cell_type":"code","source":"matC = np.zeros((11,11))\n\nfor i in range(eigSig.shape[0]):\n    print('eigSigma: {:.10f}'.format(eigSig[i]))\n    print('mean = {:.10f}'.format(np.dot(parVal, eigVec[:,i])))\n    print('eigVect: {:.10f}, {:.10f}, {:.10f}, {:.10f}, {:.10f}, {:.10f}, {:.10f}, {:.10f}, {:.10f}, {:.10f}, {:.10f}'.format(*eigVec[:, i]))\n    a = str(np.column_stack((eigSig[i]*eigVec[:, i], -eigSig[i]*eigVec[:, i])))\n    print('up/down variation:', a.replace('\\n', ',').replace('[', '{').replace(']', '}').replace('  ', ', '))\n    print('-'*50)\n    matC[i, i] = eigSig[i]*eigSig[i]","execution_count":9,"outputs":[{"output_type":"stream","text":"eigSigma: 0.6850042974\nmean = -0.4182681183\neigVect: 0.0004357607, 0.0087588494, -0.7018220233, 0.0002811859, 0.0178756853, -0.6842862572, 0.0028839166, -0.0666271010, -0.0037956985, 0.1852666076, -0.0040035607\nup/down variation: {{ 2.98497949e-04 -2.98497949e-04}, { 5.99984947e-03 -5.99984947e-03}, {-4.80751102e-01, 4.80751102e-01}, { 1.92613583e-04 -1.92613583e-04}, { 1.22449212e-02 -1.22449212e-02}, {-4.68739027e-01, 4.68739027e-01}, { 1.97549526e-03 -1.97549526e-03}, {-4.56398505e-02, 4.56398505e-02}, {-2.60006981e-03, 2.60006981e-03}, { 1.26908422e-01 -1.26908422e-01}, {-2.74245631e-03, 2.74245631e-03}}\n--------------------------------------------------\neigSigma: 0.3674780815\nmean = -0.1819441298\neigVect: -0.0012820735, 0.0361597837, 0.7039349298, 0.0006388640, -0.0131949122, -0.7054271145, 0.0016032816, 0.0226172245, 0.0095701785, 0.0689269388, -0.0028093930\nup/down variation: {{-4.71133920e-04, 4.71133920e-04}, { 1.32879279e-02 -1.32879279e-02}, { 2.58680658e-01 -2.58680658e-01}, { 2.34768517e-04 -2.34768517e-04}, {-4.84884101e-03, 4.84884101e-03}, {-2.59229003e-01, 2.59229003e-01}, { 5.89170830e-04 -5.89170830e-04}, { 8.31133427e-03 -8.31133427e-03}, { 3.51683085e-03 -3.51683085e-03}, { 2.53291393e-02 -2.53291393e-02}, {-1.03239034e-03, 1.03239034e-03}}\n--------------------------------------------------\neigSigma: 0.0874061782\nmean = 0.1140362192\neigVect: 0.0036731026, -0.1153793565, -0.0695185879, 0.0007968872, -0.1175636279, -0.1722036920, -0.0201438109, -0.1878941944, -0.0101065324, -0.9492144602, 0.0393076372\nup/down variation: {{ 3.21051860e-04 -3.21051860e-04}, {-1.00848686e-02, 1.00848686e-02}, {-6.07635408e-03, 6.07635408e-03}, { 6.96528654e-05 -6.96528654e-05}, {-1.02757874e-02, 1.02757874e-02}, {-1.50516666e-02, 1.50516666e-02}, {-1.76069353e-03, 1.76069353e-03}, {-1.64231134e-02, 1.64231134e-02}, {-8.83373368e-04, 8.83373368e-04}, {-8.29672082e-02, 8.29672082e-02}, { 3.43573034e-03 -3.43573034e-03}}\n--------------------------------------------------\neigSigma: 0.0546894675\nmean = -0.0901217995\neigVect: -0.0044946651, 0.1528524413, 0.0742766306, -0.0024355818, 0.1467977234, 0.0603273549, -0.0073648685, -0.9548511807, -0.1232751085, 0.1366878431, -0.0151221856\nup/down variation: {{-0.00024581, 0.00024581}, { 0.00835942 -0.00835942}, { 0.00406215 -0.00406215}, {-0.0001332,  0.0001332 }, { 0.00802829 -0.00802829}, { 0.00329927 -0.00329927}, {-0.00040278, 0.00040278}, {-0.0522203,  0.0522203 }, {-0.00674185, 0.00674185}, { 0.00747539 -0.00747539}, {-0.00082702, 0.00082702}}\n--------------------------------------------------\neigSigma: 0.0112887042\nmean = 0.0074593144\neigVect: -0.0063562904, 0.8176258852, -0.0323615314, -0.0146714600, 0.4365264891, -0.0136352214, -0.0154783464, 0.2007787727, -0.2483125057, -0.1873300405, -0.0462639666\nup/down variation: {{-7.17542818e-05, 7.17542818e-05}, { 9.22993678e-03 -9.22993678e-03}, {-3.65319756e-04, 3.65319756e-04}, {-1.65621772e-04, 1.65621772e-04}, { 4.92781842e-03 -4.92781842e-03}, {-1.53923981e-04, 1.53923981e-04}, {-1.74730474e-04, 1.74730474e-04}, { 2.26653218e-03 -2.26653218e-03}, {-2.80312643e-03, 2.80312643e-03}, {-2.11471342e-03, 2.11471342e-03}, {-5.22260235e-04, 5.22260235e-04}}\n--------------------------------------------------\neigSigma: 0.0067225920\nmean = -0.0127818946\neigVect: -0.0021274161, -0.5302456051, 0.0215509479, -0.0071580220, 0.7452056309, -0.0249840794, -0.0332036908, 0.0664206049, -0.2998924511, -0.0447047285, -0.2547853576\nup/down variation: {{-1.43017501e-05, 1.43017501e-05}, {-3.56462486e-03, 3.56462486e-03}, { 1.44878230e-04 -1.44878230e-04}, {-4.81204615e-05, 4.81204615e-05}, { 5.00971340e-03 -5.00971340e-03}, {-1.67957772e-04, 1.67957772e-04}, {-2.23214866e-04, 2.23214866e-04}, { 4.46518626e-04 -4.46518626e-04}, {-2.01605459e-03, 2.01605459e-03}, {-3.00531649e-04, 3.00531649e-04}, {-1.71281800e-03, 1.71281800e-03}}\n--------------------------------------------------\neigSigma: 0.0065379763\nmean = 0.0028349558\neigVect: -0.0027168745, 0.0934526790, -0.0072747792, 0.0012741000, -0.2251466999, 0.0041798899, 0.0122583039, -0.0196013960, 0.0916554601, -0.0210241638, -0.9649450462\nup/down variation: {{-1.77628609e-05, 1.77628609e-05}, { 6.10991400e-04 -6.10991400e-04}, {-4.75623338e-05, 4.75623338e-05}, { 8.33003554e-06 -8.33003554e-06}, {-1.47200379e-03, 1.47200379e-03}, { 2.73280209e-05 -2.73280209e-05}, { 8.01445000e-05 -8.01445000e-05}, {-1.28153462e-04, 1.28153462e-04}, { 5.99241226e-04 -5.99241226e-04}, {-1.37455485e-04, 1.37455485e-04}, {-6.30878784e-03, 6.30878784e-03}}\n--------------------------------------------------\neigSigma: 0.0031567090\nmean = 0.0310274035\neigVect: 0.0021018869, 0.0580013879, -0.0020215001, 0.0820571187, 0.4087340732, -0.0015818702, 0.0665048271, -0.0534546212, 0.9012361335, -0.0576223886, -0.0008499071\nup/down variation: {{ 6.63504512e-06 -6.63504512e-06}, { 1.83093502e-04 -1.83093502e-04}, {-6.38128750e-06, 6.38128750e-06}, { 2.59030443e-04 -2.59030443e-04}, { 1.29025452e-03 -1.29025452e-03}, {-4.99350399e-06, 4.99350399e-06}, { 2.09936384e-04 -2.09936384e-04}, {-1.68740682e-04, 1.68740682e-04}, { 2.84494019e-03 -2.84494019e-03}, {-1.81897111e-04, 1.81897111e-04}, {-2.68290941e-06, 2.68290941e-06}}\n--------------------------------------------------\neigSigma: 0.0004988304\nmean = 0.0013219585\neigVect: -0.2998396243, 0.0097127815, -0.0009707638, 0.3025769606, -0.0127138465, 0.0009723425, -0.9032326516, 0.0037228134, 0.0462622205, 0.0172229290, -0.0023685835\nup/down variation: {{-1.49569119e-04, 1.49569119e-04}, { 4.84503067e-06 -4.84503067e-06}, {-4.84246511e-07, 4.84246511e-07}, { 1.50934586e-04 -1.50934586e-04}, {-6.34205309e-06, 6.34205309e-06}, { 4.85034013e-07 -4.85034013e-07}, {-4.50559903e-04, 4.50559903e-04}, { 1.85705251e-06 -1.85705251e-06}, { 2.30770019e-05 -2.30770019e-05}, { 8.59132053e-06 -8.59132053e-06}, {-1.18152144e-06, 1.18152144e-06}}\n--------------------------------------------------\neigSigma: 0.0004454549\nmean = -0.0043841356\neigVect: -0.9539412690, -0.0086657763, -0.0013953476, -0.0947990085, -0.0001510315, -0.0004862514, 0.2841465837, 0.0009965991, -0.0099657268, -0.0084395686, 0.0045918469\nup/down variation: {{-4.24937792e-04, 4.24937792e-04}, {-3.86021231e-06, 3.86021231e-06}, {-6.21564394e-07, 6.21564394e-07}, {-4.22286808e-05, 4.22286808e-05}, {-6.72777146e-08, 6.72777146e-08}, {-2.16603057e-07, 2.16603057e-07}, { 1.26574482e-04 -1.26574482e-04}, { 4.43939925e-07 -4.43939925e-07}, {-4.43928160e-06, 4.43928160e-06}, {-3.75944699e-06, 3.75944699e-06}, { 2.04546059e-06 -2.04546059e-06}}\n--------------------------------------------------\neigSigma: 0.0000006412\nmean = -0.0000000258\neigVect: -0.0000012710, -0.0000000581, -0.0000000009, -0.9446966675, 0.0182352460, -0.0003519978, -0.3115210617, -0.0048998806, 0.1006664131, 0.0035264344, 0.0001234205\nup/down variation: {{-8.15047626e-13, 8.15047626e-13}, {-3.72784836e-14, 3.72784836e-14}, {-5.47371099e-16, 5.47371099e-16}, {-6.05781096e-07, 6.05781096e-07}, { 1.16932426e-08 -1.16932426e-08}, {-2.25716465e-10, 2.25716465e-10}, {-1.99761020e-07, 1.99761020e-07}, {-3.14201917e-09, 3.14201917e-09}, { 6.45517363e-08 -6.45517363e-08}, { 2.26130500e-09 -2.26130500e-09}, { 7.91426487e-11 -7.91426487e-11}}\n--------------------------------------------------\n","name":"stdout"}]},{"metadata":{"trusted":true},"cell_type":"code","source":"inv = np.linalg.inv(matC)   #inverse matrix of the diagonalized eigenvalue matrix","execution_count":10,"outputs":[]},{"metadata":{"trusted":true},"cell_type":"code","source":"print(inv)","execution_count":11,"outputs":[{"output_type":"stream","text":"[[2.13114700e+00 0.00000000e+00 0.00000000e+00 0.00000000e+00\n  0.00000000e+00 0.00000000e+00 0.00000000e+00 0.00000000e+00\n  0.00000000e+00 0.00000000e+00 0.00000000e+00]\n [0.00000000e+00 7.40520557e+00 0.00000000e+00 0.00000000e+00\n  0.00000000e+00 0.00000000e+00 0.00000000e+00 0.00000000e+00\n  0.00000000e+00 0.00000000e+00 0.00000000e+00]\n [0.00000000e+00 0.00000000e+00 1.30892794e+02 0.00000000e+00\n  0.00000000e+00 0.00000000e+00 0.00000000e+00 0.00000000e+00\n  0.00000000e+00 0.00000000e+00 0.00000000e+00]\n [0.00000000e+00 0.00000000e+00 0.00000000e+00 3.34343289e+02\n  0.00000000e+00 0.00000000e+00 0.00000000e+00 0.00000000e+00\n  0.00000000e+00 0.00000000e+00 0.00000000e+00]\n [0.00000000e+00 0.00000000e+00 0.00000000e+00 0.00000000e+00\n  7.84714743e+03 0.00000000e+00 0.00000000e+00 0.00000000e+00\n  0.00000000e+00 0.00000000e+00 0.00000000e+00]\n [0.00000000e+00 0.00000000e+00 0.00000000e+00 0.00000000e+00\n  0.00000000e+00 2.21272016e+04 0.00000000e+00 0.00000000e+00\n  0.00000000e+00 0.00000000e+00 0.00000000e+00]\n [0.00000000e+00 0.00000000e+00 0.00000000e+00 0.00000000e+00\n  0.00000000e+00 0.00000000e+00 2.33944757e+04 0.00000000e+00\n  0.00000000e+00 0.00000000e+00 0.00000000e+00]\n [0.00000000e+00 0.00000000e+00 0.00000000e+00 0.00000000e+00\n  0.00000000e+00 0.00000000e+00 0.00000000e+00 1.00353127e+05\n  0.00000000e+00 0.00000000e+00 0.00000000e+00]\n [0.00000000e+00 0.00000000e+00 0.00000000e+00 0.00000000e+00\n  0.00000000e+00 0.00000000e+00 0.00000000e+00 0.00000000e+00\n  4.01877950e+06 0.00000000e+00 0.00000000e+00]\n [0.00000000e+00 0.00000000e+00 0.00000000e+00 0.00000000e+00\n  0.00000000e+00 0.00000000e+00 0.00000000e+00 0.00000000e+00\n  0.00000000e+00 5.03955932e+06 0.00000000e+00]\n [0.00000000e+00 0.00000000e+00 0.00000000e+00 0.00000000e+00\n  0.00000000e+00 0.00000000e+00 0.00000000e+00 0.00000000e+00\n  0.00000000e+00 0.00000000e+00 2.43194267e+12]]\n","name":"stdout"}]},{"metadata":{"trusted":true},"cell_type":"code","source":"# I'll exclude 11th component as the eigenvalue ~ 0 and cause numerical instability ... ","execution_count":12,"outputs":[]}],"metadata":{"kernelspec":{"name":"python3","display_name":"Python 3","language":"python"},"language_info":{"name":"python","version":"3.6.11","mimetype":"text/x-python","codemirror_mode":{"name":"ipython","version":3},"pygments_lexer":"ipython3","nbconvert_exporter":"python","file_extension":".py"}},"nbformat":4,"nbformat_minor":4}